293 992
734470135 553882308 534945554 100788597 862288390 317549095 250515640 148007009 88411094 524840482 122569738 840938752 434442082 411755409 224184825 793946831 720524437 219579417 497171604 55983191 203983276 640577021 434492678 412020245 928801873 464352635 439431453 695352754 414880712 647868976 774841061 873063282 438071056 630579510 760787503 89029353 307134163 988826685 105031924 255216899 25922508 564137779 138841031 348936413 955302654 223738844 110663469 49752953 896104749 259322199 419727096 417213425 751618268 353520239 877511249 89436217 929610063 25358467 516430224 235678241 93139436 323597715 522868540 673065956 524720143 399013961 23727188 330737347 167319263 166879079 803480786 30139184 511968731 385688156 290966714 967222301 797736735 571478216 204016447 138827401 281200560 281018277 71222601 447583207 68223056 404881464 974967483 50166578 277740844 32302810 145486291 983419023 330354975 444647356 499125094 843161695 126151824 309960703 540104461 485599242 206864087 710575961 115792091 918106366 788906746 28768411 836609108 747990806 868086826 140031272 605965909 93300435 643555624 210130251 869630398 756680715 19401541 122705311 991722309 397207078 65286772 552963278 610843735 607206829 995926612 974955723 623984901 967550047 473522489 762184805 217285013 18690500 982751159 413030151 777665739 154599078 318951491 441849680 544112267 674822095 313151871 228680103 266062981 920826045 487752277 139279663 697932703 779315342 437468247 38414180 369008075 712267918 682249482 352732497 570978963 954683524 201338885 275846589 517425495 956420793 458776829 966488874 906125005 12092563 7722283 792527893 836927350 549374216 207620359 134646561 491954155 577960324 203195411 402016997 430850670 110124058 572244760 496322952 178894911 956717951 367317430 832775986 518149898 456959235 340601740 94768698 994702014 780164086 167174533 624169551 77769462 148444097 657339359 29914832 901637132 684668385 722318686 33096788 305923300 160312367 305768556 579801546 948155296 598311856 692969297 209829764 408793938 231414405 882323018 487310573 651995490 187209274 960740344 728422416 894998835 795344125 525691387 994123295 226105432 368785324 353246443 630938093 69088909 825064211 456780397 818808497 152808046 926829941 528703322 867805646 186430691 569853986 963221085 7530448 818818574 67885260 583562619 88051513 943373888 396417376 628175469 642966789 571260826 63541057 236080630 561338206 34949904 523935710 453605861 585020638 802452026 313068535 446275822 571796456 799226161 415947824 972535162 333322494 380746524 436607841 315521485 361937002 86081834 379322531 576221387 435582737 249895283 318944138 129917125 571589962 587561755 71111360 408747635 248650990 776432001 466844801 400940196 831052656 211892071 727656078 540853710 588217642 529382333 29598389 11733802 76300154 158208085 189882109 523968374 289222461 634739748 798721069 935352587
21774061 126971656 93150296 632773465 671217404 17437706 255504153 309527046 170413119 45065892 175690346 954732655 29148033 15031972 966306187 769656833 879394591 785593429 169407398 459540260 274362554 98904636 831080517 468012568 713094139 474115603 634054330 105791482 189299431 34943341 940281356 777812343 256636083 237463997 823543102 549987608 353751638 574299157 233292068 94409733 946577305 671880556 997718222 48384843 354385668 546458950 685010197 279041098 721914350 71999687 105730448 854397386 915394107 75537877 232519401 242197799 319307971 837016112 759058314 805099061 42011588 506459749 700050758 140382524 595001797 421595883 13574123 799207766 872269792 491106486 90703476 586032306 552817021 401681607 785781447 7696096 217337469 482755049 419065792 714940175 22448170 479176592 358498556 896337809 627851602 909623580 974191005 347554889 773232075 162681255 554487673 124645815 852812297 577668381 795241457 182111109 362676094 709581458 348123320 3073184 398623654 803930725 34895425 727159083 542152915 670558666 848064879 752930314 625315357 186664935 598176166 569330351 345473567 331615625 247743504 504791041 492769874 131394125 651432343 95143925 151274241 561915080 42806836 87877532 344733729 191581415 370541354 251351979 439224557 816362737 6793522 229361551 633893822 306981047 78901151 617654641 876526381 421596561 950373478 279220209 902976457 555353128 94636507 918916575 590936745 551067868 38269229 730842602 235943892 280811217 706081104 609919455 228881397 900238029 453135981 437117955 233943046 997983017 644706640 127263851 75723845 256750034 282596459 919967481 584763760 21046795 111449381 730419342 972355321 53262489 983921903 127227457 611780395 778147833 328920966 458622287 22343466 333308640 186640601 766311994 346990373 630945730 574952907 516676233 755294547 108163334 964371782 963778587 100967640 89751524 318037975 667834485 507490139 193169583 949975288 193096398 208697649 808377986 956692053 729314997 74640915 503264943 145191897 621699370 417113387 612629031 630129977 877459503 768949187 955321824 416138436 719669355 304695248 548931195 725534573 297878485 293344773 442510648 861988994 545548950 784200526 460222860 100513564 68106368 634418171 971745936 552379720 261494714 827565651 694531319 902894673 921895503 997910668 427984750 564073597 194844753 640902145 543490087 519281332 805341590 771833561 919681969 795991028 426406927 990826769 35226335 357323290 76075975 892640275 859493634 834845443 175500427 335189965 84819481 146707445 574874820 259016727 507470394 582738867 91802509 238004899 405943130 671504813 726937790 684627171 882924070 710758957 796920471 879900476 445459388 919493865 598336795 214327161 708516570 978182357 844711798 986825597 364011940 314051671 815727229 932739426 51798065 891740450 102092392 333158604 377616407 115993339 169412082 19231364 198011853 999214407 981247401 314552621
12 158
1 226
2 37
55 211
262 16
175 99
232 14
178 144
158 280
106 30
43 170
283 125
92 18
26 56
226 6
239 181
234 203
145 219
132 74
33 231
277 238
37 286
51 24
118 201
121 125
49 15
279 114
243 37
70 127
220 6
86 227
207 235
117 111
117 206
255 223
146 39
87 230
153 140
41 132
245 147
45 109
70 170
280 191
218 49
61 46
120 293
250 208
4 83
190 83
89 42
182 53
164 218
92 171
140 193
19 121
85 263
145 226
34 219
161 278
213 265
206 10
24 212
168 112
96 72
155 19
230 82
288 96
238 61
121 85
281 16
150 286
226 278
237 285
50 35
36 57
61 116
55 66
101 224
285 103
28 86
150 135
28 163
218 70
196 103
103 29
10 281
52 247
250 98
124 100
236 35
20 139
117 155
41 275
87 143
265 231
107 105
93 45
34 217
58 97
92 247
63 268
244 98
258 28
204 42
290 208
24 162
253 122
146 280
4 232
136 38
119 168
212 289
218 231
290 82
59 276
173 228
215 246
68 37
97 76
152 59
32 174
40 174
146 204
162 278
134 261
145 32
73 39
270 276
259 214
183 240
210 127
267 226
194 94
175 240
257 45
90 119
166 108
151 193
188 202
83 193
34 36
38 222
192 163
32 229
235 185
184 132
239 143
259 12
278 218
235 230
42 11
183 260
240 94
278 8
116 290
94 48
110 264
248 235
73 145
247 77
162 141
113 21
76 87
216 34
251 127
56 100
109 228
188 189
289 78
216 109
39 289
113 132
285 247
182 54
145 180
39 46
272 182
225 208
72 274
77 141
87 142
233 98
81 33
264 66
193 115
120 95
285 237
271 275
256 265
285 108
184 268
18 285
170 28
184 169
123 41
23 54
287 164
57 270
109 100
57 98
264 225
93 188
50 3
203 208
267 111
141 191
245 156
259 123
42 77
61 75
27 148
35 207
273 206
208 145
251 59
23 67
251 22
118 114
82 249
8 264
56 229
98 246
208 121
189 97
141 238
254 171
89 134
138 106
189 64
43 256
113 209
287 49
265 192
120 13
291 176
236 86
73 140
274 135
180 203
179 217
133 88
104 84
76 96
108 13
293 267
24 10
104 4
258 23
277 292
5 266
202 293
137 169
51 146
80 198
98 105
77 195
20 194
199 225
94 91
37 129
54 98
121 20
29 95
75 253
293 15
167 236
49 8
166 90
112 2
40 28
245 272
261 159
120 35
154 138
90 278
57 151
286 189
119 174
59 214
186 270
210 217
70 183
111 263
281 190
240 192
21 174
227 94
240 84
233 262
236 115
90 101
137 44
242 180
145 249
251 46
83 225
32 100
168 113
166 237
133 241
205 35
212 192
88 277
22 60
82 36
218 89
194 68
187 239
241 267
205 116
184 71
160 267
211 176
156 121
162 159
97 200
9 242
208 152
156 243
242 232
162 277
251 65
89 101
262 13
109 254
105 201
30 191
176 100
1 61
75 136
16 107
269 267
2 65
32 249
12 179
213 141
170 264
270 39
77 102
141 137
245 35
291 269
84 255
292 106
99 193
192 228
132 211
287 157
23 263
162 278
286 102
111 112
248 283
243 81
92 229
172 8
179 119
133 258
132 217
75 261
206 8
51 42
107 186
261 273
42 289
73 82
217 223
141 1
274 47
265 132
193 186
84 215
211 87
290 198
1 2
175 95
293 38
131 242
287 110
8 122
66 64
121 58
190 96
230 276
144 43
14 271
151 237
290 76
137 19
143 24
174 285
163 279
133 156
37 137
41 5
228 230
200 149
70 128
222 257
156 10
178 181
213 200
214 123
191 236
61 120
138 166
11 263
277 265
237 178
240 121
189 162
179 20
217 25
237 230
177 244
44 219
35 185
175 40
96 166
102 20
231 12
285 124
91 289
236 156
110 76
83 225
10 170
127 262
292 125
134 100
290 205
72 242
281 24
198 245
249 71
69 62
239 139
146 162
160 83
14 222
81 194
147 111
272 128
154 41
236 104
105 186
10 167
138 154
266 93
190 88
46 148
216 174
248 14
165 202
212 110
260 147
269 185
115 287
242 112
74 238
252 93
158 117
270 214
34 44
101 23
4 76
268 264
194 79
19 268
45 274
33 127
273 59
160 9
227 276
28 241
220 185
218 58
113 93
129 145
36 48
272 207
50 80
147 166
183 52
148 115
177 268
9 280
96 190
240 166
99 204
243 216
155 205
72 225
81 265
34 98
90 156
17 33
277 178
255 109
108 125
266 93
163 27
78 241
240 22
75 180
57 25
148 280
6 84
155 74
64 73
49 255
83 43
221 54
141 257
130 171
241 209
187 223
164 48
18 188
84 67
92 152
68 152
274 166
45 63
244 253
86 149
123 173
136 225
27 114
47 104
285 290
51 232
165 227
265 111
289 176
221 140
71 48
104 85
16 282
235 5
86 230
254 255
53 173
94 142
242 19
268 158
103 52
131 15
189 164
214 253
37 97
56 147
145 6
90 103
52 73
117 154
21 115
51 237
206 284
194 88
262 265
173 70
245 148
125 159
232 164
40 162
120 163
255 183
240 104
29 84
71 208
23 53
278 212
255 215
151 50
96 122
199 194
22 142
133 270
197 171
71 193
19 244
43 162
223 15
2 256
70 236
242 263
225 193
59 107
93 257
105 240
246 249
143 186
273 176
178 169
267 122
39 22
91 54
93 137
259 9
108 188
157 43
227 151
121 123
156 95
160 46
254 261
175 15
15 169
260 218
21 292
201 153
27 54
207 149
176 213
253 154
281 22
47 78
225 286
267 190
7 10
154 190
28 207
86 72
172 286
231 214
159 170
108 182
76 122
172 231
199 176
268 169
158 186
31 112
239 165
95 271
111 169
101 202
256 111
208 108
196 81
281 263
238 32
208 258
230 114
285 152
143 104
181 81
212 203
110 164
254 77
226 227
191 245
132 151
237 253
287 208
216 48
291 98
45 49
273 269
147 210
138 16
5 92
189 168
64 267
111 33
197 212
272 284
37 133
252 4
109 108
221 44
183 217
232 191
225 107
69 64
120 109
270 17
198 128
16 278
163 281
132 138
159 167
17 129
23 165
220 122
238 254
64 139
286 31
292 264
158 46
32 64
132 164
213 202
73 83
173 220
268 170
67 40
115 73
133 117
40 66
172 256
75 247
202 239
247 269
189 192
169 193
126 139
100 13
60 207
1 101
158 229
210 151
260 187
74 181
139 159
105 64
67 126
282 197
77 57
284 231
78 143
290 64
174 203
273 156
180 34
35 109
3 41
55 200
56 203
176 167
33 9
281 94
63 237
157 253
40 277
184 111
267 31
39 98
46 199
56 215
243 228
222 59
47 109
99 187
253 69
204 140
281 28
92 274
171 34
138 17
180 79
70 97
105 118
244 36
124 144
274 137
97 167
95 193
229 206
250 266
292 215
211 265
214 49
151 181
121 172
258 189
72 108
28 271
209 252
74 63
11 257
287 257
11 77
214 70
185 79
133 13
26 35
235 52
270 49
2 241
215 146
161 279
63 242
277 199
228 129
255 233
287 61
78 240
273 182
149 81
89 137
149 145
278 82
89 251
273 245
251 237
107 212
71 138
73 262
143 7
121 156
252 65
83 59
207 243
141 4
184 256
186 269
52 151
82 286
107 44
237 215
226 205
61 226
58 173
177 150
183 30
98 284
117 19
249 258
138 89
265 242
258 163
204 221
174 206
71 97
56 79
228 263
252 110
133 144
53 194
172 179
92 261
59 208
4 227
85 279
216 112
29 46
134 4
234 240
218 171
83 225
216 9
79 176
291 158
89 155
81 3
129 31
229 26
195 202
8 285
39 152
171 267
40 231
176 168
229 241
98 190
124 173
154 83
239 49
198 9
260 128
154 156
175 2
22 165
190 100
89 50
120 112
150 114
138 75
181 288
269 57
49 208
142 34
183 236
6 118
14 75
168 190
225 147
67 156
209 51
224 12
177 129
120 164
145 10
244 139
67 252
143 152
162 285
8 269
14 224
254 13
38 150
174 6
82 126
91 239
225 33
188 33
176 128
157 100
264 281
217 85
168 137
115 122
287 116
237 17
259 173
128 232
63 86
244 203
114 197
243 72
170 174
130 113
107 25
15 151
254 276
100 15
211 151
84 172
15 214
161 16
242 273
116 139
62 23
283 237
230 209
6 56
254 175
85 278
244 9
88 51
96 130
5 239
210 140
212 139
117 53
185 161
39 195
205 260
58 203
79 47
196 160
249 37
198 4
146 90
270 234
151 88
114 177
196 135
120 137
235 179
208 199
130 16
209 218
30 81
244 245
135 107
75 74
199 193
249 150
15 190
203 48
245 102
173 103
278 13
3 164
133 179
152 125
54 115
278 26
158 277
115 34
128 34
29 188
110 39
77 215
132 238
249 233
82 26
236 266
120 91
257 59
108 5
209 94
164 244
141 171
206 47
159 140
37 70
215 218
63 248
