294 674
978050270 116545921 675071203 21559319 384190887 811628669 9520443 764823923 585465487 746943486 930893655 685634062 298970170 483570956 515821304 53769103 664647912 910152441 939591046 451646475 796314015 930185457 751296129 706816938 435638553 327635487 252733541 651494750 197473504 448079893 562422997 798853131 396680425 42204427 187623271 480520540 843903272 771093946 728124676 866261591 149486853 589617256 401189630 478935328 769545201 538948171 182170535 650648580 106914202 497917317 997436224 505506844 721841426 336146975 837280980 771854739 182553903 319214259 435992145 860339887 381293660 437960230 85307164 692860325 461946437 671777673 752708729 22487291 85711864 810260196 546153378 628501837 163931316 835741681 553546973 229355944 540540182 355869623 996610707 91322524 983800148 94702673 121345121 579381694 812520230 683154281 262944372 717302328 624147353 496041945 396867495 581548935 810896996 171087240 891849337 358221320 759215938 463955912 319974589 98119912 564098853 435566832 384430369 481115643 140450282 297353921 859701070 123974283 234297478 464036790 871379163 868995158 593334460 928124218 241417661 809194301 288470263 290849025 193313638 128947424 403132738 136111145 813728453 120917388 625979544 911399569 291896230 350821061 138136990 575319601 856760863 561032547 766055251 577637272 776819632 981937608 760032164 378048748 350340439 668764175 188669455 873221528 79572249 494105387 305297462 406294581 572170185 58005127 502106408 285546635 296308778 881590896 371254162 401073322 34990459 175477459 57388512 142654177 239713714 374786320 847117247 348645339 726631300 501771146 143020809 605234254 292318974 994534452 278450935 211005101 242612870 360311203 566726169 688123728 873937428 431267226 603536759 903359078 536727298 876815165 571764830 111160190 450581692 757541729 124434845 430389888 361041166 419394973 453087017 214792646 575286924 616613806 392463419 204578825 897424741 846340856 404780987 433522839 510101342 278587062 470017300 785999263 77300413 506414381 512828532 160750578 200166061 190125863 541419848 743362887 343429625 295040432 674065077 35773644 956687519 603192097 633298814 507456238 790443243 764700627 428950552 225112012 252132862 544388057 804708956 305964887 849463294 511799388 474057471 620202621 281523796 939763427 533629137 562219432 13193224 743310253 947124991 228666469 581545376 541870904 673050093 749174110 620725013 50909173 294839660 545541956 341878456 620550851 946622933 674266488 74986537 28938716 473614613 670233588 207192222 610423253 826657908 57428635 823597595 595304452 707422748 748745002 87030930 28916241 9623907 893903772 207495046 908911668 859195188 633123122 450357311 708733707 274092242 902276907 27998034 355931408 226996317 476635620 839186670 869944642 238809290 554120183 527558539 694678038 989272615 582138803 290335629 597666375 597084496 869336244 201990253 666001062 806852346 108254473
564664943 646827095 827923580 266853481 103080808 418363031 952562431 993758307 886394398 758246348 188340366 387922338 232624136 999828190 122252350 316879806 251606608 672493040 464144376 602112859 168748377 864264767 9999103 332472719 662096729 436402461 347324510 432472168 739206707 403998974 771278563 941189105 440467493 412566974 835362303 221352789 487268126 181145347 741759934 969880610 157641583 804246183 660137568 473344150 870349369 696359935 892289808 445738716 455961797 127923699 866376173 127010667 216182241 355862339 31461984 556763615 476399141 192176677 708901871 891602188 488296484 930167510 333028235 102082116 681195416 357144886 579428382 304024839 990391688 1939107 428670545 44074352 717847067 618114232 179318080 645282874 872888419 984988014 151063636 610624884 377909651 975076148 374169525 119575823 175743103 361295045 752658883 636628670 804325214 886802048 568431491 939355710 523448278 702060788 626840947 924207791 871546620 472005459 896102910 817266221 208758427 941948330 94768775 462126688 925806395 51092465 749080306 166208992 677097472 562147451 617019269 299317140 179133113 135414936 21212662 505309428 475554145 868259638 292522998 544951729 117761025 598583611 465147549 487309034 948207517 569254071 927131199 666782214 656860344 579542798 906902399 312371177 823178556 261914722 523558972 562803131 985761790 410854959 65428447 194223658 949823324 884707133 448578836 248744293 344423417 985821165 659424720 257283320 741756756 819524672 468218346 565716202 964785264 404103565 556993513 351548410 454401650 492277385 979925192 462795121 58348367 289578534 164568223 393636886 510495088 960327690 880467545 558858956 865032268 686532139 602794433 839291051 16248921 593007379 133724099 29230100 839927255 465562974 494103123 420520765 128738372 455267784 225538023 190727152 588466791 540124029 128055477 553136994 44530985 859973986 190466931 628599932 670896460 845410034 849636636 152116987 262458560 46551657 721601620 872558228 678171233 56558132 375703298 340354123 633969902 405352764 895768629 596046662 920911592 539608831 216644631 391022325 799382002 214326340 658230962 244543416 354360857 472652668 696439932 556530391 978688818 437047436 266700 262971984 562688789 756032114 636951983 844252362 267147068 226692622 543700066 424689875 663890000 983716973 812496813 330780608 758536308 997124450 191238532 135723688 618555741 865755872 39299208 223509087 397046328 875045453 183704160 998351640 281671255 477662958 958020154 576173566 334935200 418103131 161210363 229926989 339431201 518324255 440319342 551482440 143202448 683163650 621692381 688649405 985174829 820891706 237058439 819161860 715136840 739954124 640666175 184314932 481711357 729218070 644931291 709468031 776686633 645818565 119850206 962349560 14263525 475477749 997453365 147348864 618825625 852259806 649910337 909528758 12196993 417207907 615225182 513810864 314634092 177725309
246 78
283 271
198 196
159 216
190 189
41 204
116 145
218 118
190 166
214 5
153 48
172 146
63 156
20 170
289 246
253 96
21 138
25 229
54 53
142 236
222 211
226 286
151 199
262 126
273 109
138 82
166 283
101 64
231 175
155 223
32 225
278 152
13 91
153 275
287 108
148 274
243 196
206 120
246 212
52 149
242 117
93 2
185 282
67 154
179 146
155 284
172 82
272 47
19 194
172 244
276 210
268 79
157 67
150 129
67 180
73 77
107 104
17 245
161 112
91 292
177 22
177 157
277 66
250 121
286 176
126 60
252 262
62 286
105 8
111 202
286 123
170 80
157 232
86 114
177 54
98 122
150 132
269 139
72 55
248 114
79 185
46 110
92 156
278 204
85 202
204 113
93 205
68 172
213 202
130 271
97 94
36 194
138 294
71 256
274 187
233 170
81 202
135 75
212 282
89 159
257 114
82 80
8 188
184 227
198 134
255 153
195 10
84 28
87 228
48 53
57 37
192 277
235 132
4 236
82 16
206 272
254 248
173 55
132 70
49 249
45 33
14 280
25 60
269 294
287 52
162 238
208 148
113 89
238 275
217 146
168 64
197 14
110 71
258 140
77 33
70 153
224 247
213 151
26 100
102 191
198 184
136 41
256 257
281 270
23 65
168 261
228 49
278 31
206 104
164 215
177 145
118 16
17 240
199 16
124 26
160 121
242 287
128 228
269 192
21 191
100 279
186 214
147 217
172 71
70 195
197 79
160 239
206 43
65 7
106 125
104 184
197 193
260 126
95 154
73 17
212 22
211 223
135 6
198 62
92 183
212 198
211 107
233 178
245 209
70 280
65 183
28 2
261 48
264 262
137 252
150 166
260 272
70 214
111 246
96 53
269 8
224 114
15 147
105 16
256 203
251 291
92 192
247 246
4 6
196 179
274 50
15 109
220 217
170 75
216 95
232 130
144 48
241 190
182 29
82 212
31 182
143 268
168 273
141 36
10 104
6 14
217 169
273 37
58 162
1 151
154 277
71 140
18 211
41 239
292 160
9 248
40 221
214 76
141 48
259 26
60 134
157 246
235 243
43 9
171 263
145 122
231 66
189 262
8 50
166 64
259 17
144 133
94 16
256 92
284 9
151 244
136 216
5 288
52 216
81 184
115 267
262 161
11 70
91 181
194 237
27 280
137 236
22 114
31 110
75 208
249 212
265 87
213 134
113 185
197 180
272 112
139 38
255 234
130 80
146 8
151 144
229 189
153 126
58 165
15 23
7 206
192 25
168 221
5 105
7 227
194 255
31 155
193 22
14 203
264 42
82 30
60 167
171 94
59 213
147 61
159 116
187 87
129 79
179 6
178 241
208 222
12 170
165 135
113 155
168 250
80 220
143 99
14 187
207 125
111 281
267 276
38 152
131 43
216 50
219 224
226 191
147 262
3 216
150 165
108 227
84 83
155 74
119 168
257 124
249 193
163 80
99 22
227 177
257 7
282 31
170 155
284 218
12 44
272 23
196 60
72 202
27 74
162 180
130 263
14 59
17 226
224 132
179 217
2 13
62 210
102 138
223 284
238 101
84 159
9 212
107 171
41 274
268 109
163 249
130 187
197 131
92 74
38 146
288 13
241 131
225 20
117 273
226 173
172 136
153 231
238 254
217 185
249 241
289 48
279 151
181 180
89 263
91 73
99 79
218 240
88 209
9 191
252 132
272 226
94 254
241 152
5 136
264 16
55 278
236 179
284 185
97 224
172 136
17 124
179 60
211 138
278 58
3 243
293 218
55 143
258 270
197 219
84 106
257 252
21 278
250 33
282 32
270 6
29 145
168 105
248 104
32 230
209 142
82 113
276 90
1 277
235 129
30 35
40 122
134 247
106 139
190 66
189 145
140 34
280 131
135 124
115 263
282 19
124 147
223 174
71 233
218 36
115 62
189 242
96 14
190 262
83 66
243 8
77 188
260 147
88 206
191 87
216 106
255 153
148 12
3 278
214 47
3 178
240 17
247 244
235 106
152 107
68 275
83 153
212 208
83 44
30 113
122 139
224 140
256 189
230 209
119 142
133 78
37 114
40 233
159 175
114 80
262 204
26 263
248 28
196 13
263 249
107 81
202 83
187 159
246 120
84 167
126 116
45 253
156 242
244 27
51 41
231 186
70 69
70 48
23 10
174 10
247 27
93 29
156 203
220 272
98 186
99 181
76 193
22 145
193 115
292 187
153 221
159 35
85 275
237 148
216 275
64 292
59 257
174 148
56 125
12 249
292 151
12 206
126 77
92 183
34 97
110 262
159 214
177 94
78 40
78 197
225 132
236 131
184 205
190 106
63 212
53 146
224 103
19 224
268 114
111 200
120 186
61 249
169 46
241 210
134 112
82 197
116 157
270 195
271 162
111 294
27 101
203 231
164 208
105 90
165 173
250 260
223 18
204 225
187 186
187 285
115 199
249 260
105 219
46 272
53 224
101 195
224 244
181 154
260 130
155 190
258 153
237 217
89 269
286 5
35 64
50 14
58 132
243 287
70 86
76 109
140 61
231 69
287 138
196 104
237 78
126 220
152 214
136 106
228 251
232 293
208 74
294 188
280 288
118 79
259 292
266 217
172 69
76 58
122 68
288 130
80 47
109 116
77 282
71 131
214 68
160 147
12 268
119 172
101 207
241 77
257 292
156 77
69 290
280 60
228 74
146 26
133 109
240 227
5 266
21 52
74 212
167 114
188 186
225 48
214 57
203 122
94 177
105 258
195 77
221 29
145 55
153 239
209 293
287 85
122 156
196 256
116 65
135 281
281 285
48 274
133 208
214 105
251 105
198 127
252 66
101 263
277 173
48 164
56 125
66 227
120 135
46 99
31 126
135 3
268 244
35 250
80 98
138 111
177 224
143 278
244 66
109 59
253 128
50 144
18 165
73 38
10 210
260 273
57 275
119 105
154 112
264 101
70 266
142 288
191 255
216 171
39 213
258 45
270 260
254 123
17 187
223 20
248 168
174 275
290 174
27 34
216 66
9 233
181 14
239 180
170 148
54 116
