500 997
1 2 3 4 5 6 7 8 9 10 11 12 13 14 15 16 17 18 19 20 21 22 23 24 25 26 27 28 29 30 31 32 33 34 35 36 37 38 39 40 41 42 43 44 45 46 47 48 49 50 51 52 53 54 55 56 57 58 59 60 61 62 63 64 65 66 67 68 69 70 71 72 73 74 75 76 77 78 79 80 81 82 83 84 85 86 87 88 89 90 91 92 93 94 95 96 97 98 99 100 101 102 103 104 105 106 107 108 109 110 111 112 113 114 115 116 117 118 119 120 121 122 123 124 125 126 127 128 129 130 131 132 133 134 135 136 137 138 139 140 141 142 143 144 145 146 147 148 149 150 151 152 153 154 155 156 157 158 159 160 161 162 163 164 165 166 167 168 169 170 171 172 173 174 175 176 177 178 179 180 181 182 183 184 185 186 187 188 189 190 191 192 193 194 195 196 197 198 199 200 201 202 203 204 205 206 207 208 209 210 211 212 213 214 215 216 217 218 219 220 221 222 223 224 225 226 227 228 229 230 231 232 233 234 235 236 237 238 239 240 241 242 243 244 245 246 247 248 249 250 251 252 253 254 255 256 257 258 259 260 261 262 263 264 265 266 267 268 269 270 271 272 273 274 275 276 277 278 279 280 281 282 283 284 285 286 287 288 289 290 291 292 293 294 295 296 297 298 299 300 301 302 303 304 305 306 307 308 309 310 311 312 313 314 315 316 317 318 319 320 321 322 323 324 325 326 327 328 329 330 331 332 333 334 335 336 337 338 339 340 341 342 343 344 345 346 347 348 349 350 351 352 353 354 355 356 357 358 359 360 361 362 363 364 365 366 367 368 369 370 371 372 373 374 375 376 377 378 379 380 381 382 383 384 385 386 387 388 389 390 391 392 393 394 395 396 397 398 399 400 401 402 403 404 405 406 407 408 409 410 411 412 413 414 415 416 417 418 419 420 421 422 423 424 425 426 427 428 429 430 431 432 433 434 435 436 437 438 439 440 441 442 443 444 445 446 447 448 449 450 451 452 453 454 455 456 457 458 459 460 461 462 463 464 465 466 467 468 469 470 471 472 473 474 475 476 477 478 479 480 481 482 483 484 485 486 487 488 489 490 491 492 493 494 495 496 497 498 499 500
1 1 1 1 1 1 1 1 1 1 1 1 1 1 1 1 1 1 1 1 1 1 1 1 1 1 1 1 1 1 1 1 1 1 1 1 1 1 1 1 1 1 1 1 1 1 1 1 1 1 1 1 1 1 1 1 1 1 1 1 1 1 1 1 1 1 1 1 1 1 1 1 1 1 1 1 1 1 1 1 1 1 1 1 1 1 1 1 1 1 1 1 1 1 1 1 1 1 1 1 1 1 1 1 1 1 1 1 1 1 1 1 1 1 1 1 1 1 1 1 1 1 1 1 1 1 1 1 1 1 1 1 1 1 1 1 1 1 1 1 1 1 1 1 1 1 1 1 1 1 1 1 1 1 1 1 1 1 1 1 1 1 1 1 1 1 1 1 1 1 1 1 1 1 1 1 1 1 1 1 1 1 1 1 1 1 1 1 1 1 1 1 1 1 1 1 1 1 1 1 1 1 1 1 1 1 1 1 1 1 1 1 1 1 1 1 1 1 1 1 1 1 1 1 1 1 1 1 1 1 1 1 1 1 1 1 1 1 1 1 1 1 1 1 1 1 1 1 1 1 1 1 1 1 1 1 1 1 1 1 1 1 1 1 1 1 1 1 1 1 1 1 1 1 1 1 1 1 1 1 1 1 1 1 1 1 1 1 1 1 1 1 1 1 1 1 1 1 1 1 1 1 1 1 1 1 1 1 1 1 1 1 1 1 1 1 1 1 1 1 1 1 1 1 1 1 1 1 1 1 1 1 1 1 1 1 1 1 1 1 1 1 1 1 1 1 1 1 1 1 1 1 1 1 1 1 1 1 1 1 1 1 1 1 1 1 1 1 1 1 1 1 1 1 1 1 1 1 1 1 1 1 1 1 1 1 1 1 1 1 1 1 1 1 1 1 1 1 1 1 1 1 1 1 1 1 1 1 1 1 1 1 1 1 1 1 1 1 1 1 1 1 1 1 1 1 1 1 1 1 1 1 1 1 1 1 1 1 1 1 1 1 1 1 1 1 1 1 1 1 1 1 1 1 1 1 1 1 1 1 1 1 1 1 1 1 1 1 1 1 1 1 1 1 1 1 1 1 1 1 1 1 1 1 1 1 1 1 1 1 1 1 1 1 1 1 1 1 1 500
1 2
2 3
3 4
4 5
5 6
6 7
7 8
8 9
9 10
10 11
11 12
12 13
13 14
14 15
15 16
16 17
17 18
18 19
19 20
20 21
21 22
22 23
23 24
24 25
25 26
26 27
27 28
28 29
29 30
30 31
31 32
32 33
33 34
34 35
35 36
36 37
37 38
38 39
39 40
40 41
41 42
42 43
43 44
44 45
45 46
46 47
47 48
48 49
49 50
50 51
51 52
52 53
53 54
54 55
55 56
56 57
57 58
58 59
59 60
60 61
61 62
62 63
63 64
64 65
65 66
66 67
67 68
68 69
69 70
70 71
71 72
72 73
73 74
74 75
75 76
76 77
77 78
78 79
79 80
80 81
81 82
82 83
83 84
84 85
85 86
86 87
87 88
88 89
89 90
90 91
91 92
92 93
93 94
94 95
95 96
96 97
97 98
98 99
99 100
100 101
101 102
102 103
103 104
104 105
105 106
106 107
107 108
108 109
109 110
110 111
111 112
112 113
113 114
114 115
115 116
116 117
117 118
118 119
119 120
120 121
121 122
122 123
123 124
124 125
125 126
126 127
127 128
128 129
129 130
130 131
131 132
132 133
133 134
134 135
135 136
136 137
137 138
138 139
139 140
140 141
141 142
142 143
143 144
144 145
145 146
146 147
147 148
148 149
149 150
150 151
151 152
152 153
153 154
154 155
155 156
156 157
157 158
158 159
159 160
160 161
161 162
162 163
163 164
164 165
165 166
166 167
167 168
168 169
169 170
170 171
171 172
172 173
173 174
174 175
175 176
176 177
177 178
178 179
179 180
180 181
181 182
182 183
183 184
184 185
185 186
186 187
187 188
188 189
189 190
190 191
191 192
192 193
193 194
194 195
195 196
196 197
197 198
198 199
199 200
200 201
201 202
202 203
203 204
204 205
205 206
206 207
207 208
208 209
209 210
210 211
211 212
212 213
213 214
214 215
215 216
216 217
217 218
218 219
219 220
220 221
221 222
222 223
223 224
224 225
225 226
226 227
227 228
228 229
229 230
230 231
231 232
232 233
233 234
234 235
235 236
236 237
237 238
238 239
239 240
240 241
241 242
242 243
243 244
244 245
245 246
246 247
247 248
248 249
249 250
250 251
251 252
252 253
253 254
254 255
255 256
256 257
257 258
258 259
259 260
260 261
261 262
262 263
263 264
264 265
265 266
266 267
267 268
268 269
269 270
270 271
271 272
272 273
273 274
274 275
275 276
276 277
277 278
278 279
279 280
280 281
281 282
282 283
283 284
284 285
285 286
286 287
287 288
288 289
289 290
290 291
291 292
292 293
293 294
294 295
295 296
296 297
297 298
298 299
299 300
300 301
301 302
302 303
303 304
304 305
305 306
306 307
307 308
308 309
309 310
310 311
311 312
312 313
313 314
314 315
315 316
316 317
317 318
318 319
319 320
320 321
321 322
322 323
323 324
324 325
325 326
326 327
327 328
328 329
329 330
330 331
331 332
332 333
333 334
334 335
335 336
336 337
337 338
338 339
339 340
340 341
341 342
342 343
343 344
344 345
345 346
346 347
347 348
348 349
349 350
350 351
351 352
352 353
353 354
354 355
355 356
356 357
357 358
358 359
359 360
360 361
361 362
362 363
363 364
364 365
365 366
366 367
367 368
368 369
369 370
370 371
371 372
372 373
373 374
374 375
375 376
376 377
377 378
378 379
379 380
380 381
381 382
382 383
383 384
384 385
385 386
386 387
387 388
388 389
389 390
390 391
391 392
392 393
393 394
394 395
395 396
396 397
397 398
398 399
399 400
400 401
401 402
402 403
403 404
404 405
405 406
406 407
407 408
408 409
409 410
410 411
411 412
412 413
413 414
414 415
415 416
416 417
417 418
418 419
419 420
420 421
421 422
422 423
423 424
424 425
425 426
426 427
427 428
428 429
429 430
430 431
431 432
432 433
433 434
434 435
435 436
436 437
437 438
438 439
439 440
440 441
441 442
442 443
443 444
444 445
445 446
446 447
447 448
448 449
449 450
450 451
451 452
452 453
453 454
454 455
455 456
456 457
457 458
458 459
459 460
460 461
461 462
462 463
463 464
464 465
465 466
466 467
467 468
468 469
469 470
470 471
471 472
472 473
473 474
474 475
475 476
476 477
477 478
478 479
479 480
480 481
481 482
482 483
483 484
484 485
485 486
486 487
487 488
488 489
489 490
490 491
491 492
492 493
493 494
494 495
495 496
496 497
497 498
498 499
500 1
500 2
500 3
500 4
500 5
500 6
500 7
500 8
500 9
500 10
500 11
500 12
500 13
500 14
500 15
500 16
500 17
500 18
500 19
500 20
500 21
500 22
500 23
500 24
500 25
500 26
500 27
500 28
500 29
500 30
500 31
500 32
500 33
500 34
500 35
500 36
500 37
500 38
500 39
500 40
500 41
500 42
500 43
500 44
500 45
500 46
500 47
500 48
500 49
500 50
500 51
500 52
500 53
500 54
500 55
500 56
500 57
500 58
500 59
500 60
500 61
500 62
500 63
500 64
500 65
500 66
500 67
500 68
500 69
500 70
500 71
500 72
500 73
500 74
500 75
500 76
500 77
500 78
500 79
500 80
500 81
500 82
500 83
500 84
500 85
500 86
500 87
500 88
500 89
500 90
500 91
500 92
500 93
500 94
500 95
500 96
500 97
500 98
500 99
500 100
500 101
500 102
500 103
500 104
500 105
500 106
500 107
500 108
500 109
500 110
500 111
500 112
500 113
500 114
500 115
500 116
500 117
500 118
500 119
500 120
500 121
500 122
500 123
500 124
500 125
500 126
500 127
500 128
500 129
500 130
500 131
500 132
500 133
500 134
500 135
500 136
500 137
500 138
500 139
500 140
500 141
500 142
500 143
500 144
500 145
500 146
500 147
500 148
500 149
500 150
500 151
500 152
500 153
500 154
500 155
500 156
500 157
500 158
500 159
500 160
500 161
500 162
500 163
500 164
500 165
500 166
500 167
500 168
500 169
500 170
500 171
500 172
500 173
500 174
500 175
500 176
500 177
500 178
500 179
500 180
500 181
500 182
500 183
500 184
500 185
500 186
500 187
500 188
500 189
500 190
500 191
500 192
500 193
500 194
500 195
500 196
500 197
500 198
500 199
500 200
500 201
500 202
500 203
500 204
500 205
500 206
500 207
500 208
500 209
500 210
500 211
500 212
500 213
500 214
500 215
500 216
500 217
500 218
500 219
500 220
500 221
500 222
500 223
500 224
500 225
500 226
500 227
500 228
500 229
500 230
500 231
500 232
500 233
500 234
500 235
500 236
500 237
500 238
500 239
500 240
500 241
500 242
500 243
500 244
500 245
500 246
500 247
500 248
500 249
500 250
500 251
500 252
500 253
500 254
500 255
500 256
500 257
500 258
500 259
500 260
500 261
500 262
500 263
500 264
500 265
500 266
500 267
500 268
500 269
500 270
500 271
500 272
500 273
500 274
500 275
500 276
500 277
500 278
500 279
500 280
500 281
500 282
500 283
500 284
500 285
500 286
500 287
500 288
500 289
500 290
500 291
500 292
500 293
500 294
500 295
500 296
500 297
500 298
500 299
500 300
500 301
500 302
500 303
500 304
500 305
500 306
500 307
500 308
500 309
500 310
500 311
500 312
500 313
500 314
500 315
500 316
500 317
500 318
500 319
500 320
500 321
500 322
500 323
500 324
500 325
500 326
500 327
500 328
500 329
500 330
500 331
500 332
500 333
500 334
500 335
500 336
500 337
500 338
500 339
500 340
500 341
500 342
500 343
500 344
500 345
500 346
500 347
500 348
500 349
500 350
500 351
500 352
500 353
500 354
500 355
500 356
500 357
500 358
500 359
500 360
500 361
500 362
500 363
500 364
500 365
500 366
500 367
500 368
500 369
500 370
500 371
500 372
500 373
500 374
500 375
500 376
500 377
500 378
500 379
500 380
500 381
500 382
500 383
500 384
500 385
500 386
500 387
500 388
500 389
500 390
500 391
500 392
500 393
500 394
500 395
500 396
500 397
500 398
500 399
500 400
500 401
500 402
500 403
500 404
500 405
500 406
500 407
500 408
500 409
500 410
500 411
500 412
500 413
500 414
500 415
500 416
500 417
500 418
500 419
500 420
500 421
500 422
500 423
500 424
500 425
500 426
500 427
500 428
500 429
500 430
500 431
500 432
500 433
500 434
500 435
500 436
500 437
500 438
500 439
500 440
500 441
500 442
500 443
500 444
500 445
500 446
500 447
500 448
500 449
500 450
500 451
500 452
500 453
500 454
500 455
500 456
500 457
500 458
500 459
500 460
500 461
500 462
500 463
500 464
500 465
500 466
500 467
500 468
500 469
500 470
500 471
500 472
500 473
500 474
500 475
500 476
500 477
500 478
500 479
500 480
500 481
500 482
500 483
500 484
500 485
500 486
500 487
500 488
500 489
500 490
500 491
500 492
500 493
500 494
500 495
500 496
500 497
500 498
500 499
